3
4
5
7
9
10
11
12
19
20
21
23
24
27
28
32
33
36
38
39
41
42
43
47
48
49
50
51
53
54
55
57
60
62
67
68
69
70
72
74
75
78
80
83
84
86
87
88
89
90
93
94
96
97
98
99
102
105
106
108
109
114
115
116
123
125
127
129
130
132
133
137
138
139
140
144
146
147
149
151
152
154
156
157
160
161
162
163
164
165
166
171
173
174
176
178
179
180
182
186
187
188
189
190
191
192
196
197
200
201
202
205
208
209
210
211
212
214
215
216
217
219
220
221
222
225
226
231
232
233
236
238
239
241
242
245
247
249
251
252
254
258
262
263
264
265
267
270
272
273
280
285
288
290
294
295
296
298
299
302
303
305
307
308
309
310
311
312
315
317
321
323
326
327
329
331
332
336
338
339
342
344
345
347
348
350
351
352
353
358
361
363
364
366
367
368
369
370
374
379
380
381
382
383
384
385
386
387
390
391
392
393
394
396
402
405
408
411
413
417
418
419
420
421
424
425
426
427
428
432
433
434
435
437
440
441
445
446
447
448
452
456
457
458
459
460
463
466
467
468
470
471
474
484
487
488
490
491
492
493
494
497
499
500
501
504
505
508
509
510
511
512
513
516
517
519
526
529
530
532
533
535
538
539
542
548
549
550
551
552
554
555
561
562
563
564
569
570
572
573
574
575
577
583
584
588
590
591
592
593
596
597
600
601
603
609
611
613
614
616
617
618
619
621
622
623
625
626
627
628
629
630
633
636
640
642
644
646
648
650
653
656
658
659
664
666
669
674
676
677
678
681
688
690
691
695
696
698
699
701
702
706
712
713
716
717
718
722
725
726
728
729
731
734
736
738
742
743
744
746
750
752
753
754
757
759
760
765
766
768
769
771
773
774
776
777
778
779
782
785
787
793
794
795
796
797
799
801
804
805
807
808
813
817
819
824
828
830
833
834
836
839
840
841
844
845
846
847
848
849
850
851
853
856
858
859
862
863
865
867
869
876
877
878
879
880
884
886
887
888
889
890
892
893
897
898
902
905
906
907
908
911
912
913
916
917
918
920
921
925
926
928
929
930
931
932
933
934
938
939
940
941
942
948
951
954
955
960
962
965
966
970
971
972
973
981
982
985
990
993
997
999
1000
1002
1003
1004
1006
1009
1011
1012
1013
1015
1017
1018
1019
1021
1022
1023
1024
1025
1026
1029
1030
1036
1039
1042
1045
1047
1051
1053
1055
1061
1065
1066
1071
1072
1075
1076
1079
1080
1084
1086
1087
1090
1098
1099
1100
1102
1105
1107
1109
1113
1115
1117
1120
1121
1122
1124
1125
1126
1131
1132
1133
1135
1137
1139
1144
1145
1146
1160
1161
1164
1168
1169
1170
1172
1173
1177
1179
1180
1184
1188
1191
1193
1196
1198
1199
1201
1205
1207
1210
1214
1215
1219
1220
1221
1223
1226
1228
1230
1233
1234
1235
1237
1240
1241
1243
1244
1245
1246
1249
1250
1252
1253
1257
1260
1261
1263
1264
1270
1272
1273
1277
1278
1279
1280
1281
1283
1284
1287
1289
1290
1292
1293
1296
1297
1298
1301
1305
1306
1311
1313
1314
1315
1316
1320
1322
1324
1327
1328
1333
1336
1338
1339
1340
1341
1344
1346
1348
1349
1351
1353
1356
1358
1359
1361
1363
1365
1367
1368
1369
1376
1377
1379
1380
1383
1386
1388
1391
1392
1395
1397
1398
1401
1403
1404
1406
1408
1409
1410
1411
1413
1414
1417
1420
1421
1422
1423
1424
1426
1427
1428
1429
1430
1431
1434
1435
1441
1443
1445
1447
1451
1452
1460
1461
1463
1465
1466
1467
1468
1471
1472
1473
1476
1477
1479
1480
1483
1485
1487
1489
1490
1491
1492
1493
1502
1504
1506
1507
1508
1510
1512
1513
1515
1516
1518
1520
1521
1525
1526
1528
1532
1536
1538
1539
1540
1542
1543
1544
1545
1546
1548
1549
1550
1551
1553
1555
1556
1558
1561
1562
1564
1565
1570
1572
1573
1574
1575
1577
1578
1579
1580
1582
1583
1587
1588
1589
1590
1593
1597
1598
1600
1603
1604
1606
1623
1628
1630
1631
1633
1634
1635
1636
1637
1640
1641
1642
1643
1644
1646
1648
1650
1655
1658
1661
1662
1669
1672
1675
1679
1681
1682
1683
1684
1686
1689
1690
1692
1694
1697
1699
1702
1704
1706
1708
1710
1713
1715
1716
1717
1718
1720
1721
1722
1725
1727
1729
1730
1734
1737
1738
1742
1743
1748
1749
1750
1752
1753
1754
1756
1758
1759
1760
1761
1763
1764
1767
1772
1773
1774
1777
1782
1783
1784
1785
1787
1788
1790
1791
1793
1796
1797
1798
1801
1803
1804
1805
1808
1810
1812
1814
1815
1817
1820
1821
1823
1825
1828
1830
1831
1832
1839
1840
1841
1842
1844
1847
1848
1850
1852
1853
1854
1864
1866
1867
1868
1869
1870
1871
1872
1873
1883
1884
1885
1887
1891
1895
1900
1901
1902
1904
1906
1907
1908
1911
1912
1914
1915
1916
1917
1922
1923
1924
1925
1927
1929
1930
1933
1934
1936
1938
1940
1944
1948
1950
1951
1952
1953
1954
1956
1958
1959
1960
1961
1964
1965
1967
1968
1969
1971
1974
1975
1979
1981
1984
1986
1988
1994
1995
1997
1998
2001
2004
2005
2007
2010
2013
2014
2015
2019
2021
2022
2023
2025
2026
2028
2029
2031
2032
2037
2042
2043
2045
2046
2050
2051
2052
2053
2055
2056
2060
2061
2063
2066
2068
2069
2070
2071
2072
2075
2079
2081
2082
2083
2084
2085
2090
2094
2096
2097
2098
2099
2101
2104
2105
2108
2113
2114
2115
2117
2118
2122
2124
2128
2129
2130
2132
2133
2134
2137
2139
2140
2141
2144
2145
2146
2147
2152
2154
2157
2159
2162
2163
2164
2167
2168
2169
2170
2172
2175
2176
2180
2181
2183
2184
2185
2187
2188
2189
2190
2191
2196
2206
2208
2211
2213
2214
2215
2218
2219
2223
2224
2225
2226
2227
2229
2231
2234
2237
2241
2244
2245
2246
2247
2248
2249
2250
2256
2259
2260
2261
2265
2266
2268
2273
2275
2277
2279
2281
2282
2283
2284
2286
2287
2288
2290
2291
2293
2296
2302
2304
2305
2307
2308
2309
2313
2315
2316
2320
2323
2326
2328
2329
2330
2331
2334
2337
2338
2339
2343
2345
2347
2350
2352
2353
2354
2355
2356
2357
2360
2361
2363
2364
2365
2366
2367
2368
2369
2376
2379
2381
2382
2386
2389
2392
2393
2394
2396
2400
2401
2403
2408
2409
2413
2414
2416
2417
2419
2420
2422
2423
2425
2426
2427
2429
2431
2432
2436
2437
2441
2445
2446
2454
2455
2456
2457
2458
2459
2461
2463
2466
2467
2470
2474
2477
2479
2480
2481
2482
2483
2484
2485
2488
2489
2491
2493
2494
2497
2500
2501
2502
2504
2508
2510
2511
2517
2518
2519
2520
2522
2523
2525
2528
2531
2532
2536
2538
2540
2543
2548
2550
2553
2554
2557
2563
2565
2566
2568
2571
2572
2578
2581
2584
2589
2591
2594
2595
2599
2602
2603
2605
2610
2611
2613
2615
2616
2617
2618
2619
2622
2623
2624
2625
2626
2627
2628
2629
2630
2635
2638
2639
2642
2644
2645
2646
2649
2651
2653
2656
2658
2659
2661
2662
2663
2664
2666
2667
2669
2675
2676
2678
2680
2681
2682
2685
2687
2688
2689
2690
2691
2694
2695
2696
2698
2700
2702
2704
2706
2712
2715
2718
2720
2722
2723
2728
2731
2732
2733
2738
2739
2741
2743
2744
2746
2748
2749
2750
2751
2754
2756
2757
2759
2760
2762
2767
2768
2769
2771
2772
2774
2779
2781
2782
2783
2786
2787
2788
2792
2794
2795
2797
2798
2800
2804
2805
2806
2807
2809
2811
2814
2815
2820
2823
2824
2829
2831
2834
2836
2838
2839
2845
2848
2849
2852
2854
2855
2857
2866
2868
2873
2874
2879
2880
2881
2883
2884
2886
2887
2888
2889
2890
2891
2892
2893
2894
2901
2903
2905
2906
2910
2911
2912
2914
2915
2916
2917
2920
2921
2930
2936
2937
2938
2941
2945
2947
2949
2950
2953
2956
2957
2961
2962
2963
2965
2966
2972
2975
2976
2977
2981
2983
2985
2986
2987
2990
2992
2993
2995
2996
2997
2998
2999
3000
3001
3004
3007
3008
3012
3013
3019
3021
3023
3024
3025
3027
3028
3031
3032
3034
3035
3036
3038
3042
3043
3045
3047
3048
3050
3052
3054
3056
3064
3065
3066
3067
3070
3072
3077
3079
3080
3083
3087
3088
3093
3094
3099
3100
3101
3103
3104
3113
3115
3118
3119
3120
3122
3123
3125
3127
3128
3131
3132
3133
3136
3138
3141
3143
3144
3146
3148
3149
3153
3155
3156
3157
3158
3159
3160
3161
3162
3163
3166
3167
3168
3169
3171
3172
3176
3181
3182
3184
3185
3187
3193
3198
3199
3200
3201
3202
3203
3206
3209
3211
3213
3214
3219
3220
3221
3225
3228
3230
3233
3239
3240
3242
3246
3247
3248
3249
3251
3252
3257
3259
3263
3265
3267
3270
3273
3274
3275
3276
3280
3283
3285
3286
3288
3290
3293
3301
3303
3304
3308
3310
3312
3313
3314
3315
3316
3317
3319
3323
3324
3328
3329
3332
3333
3336
3340
3341
3342
3343
3346
3347
3348
3350
3351
3360
3362
3363
3364
3366
3367
3369
3370
3373
3377
3378
3380
3382
3386
3387
3389
3393
3394
3396
3400
3404
3405
3408
3409
3412
3415
3418
3419
3421
3422
3423
3425
3426
3427
3429
3432
3433
3439
3440
3442
3444
3446
3447
3449
3450
3455
3456
3461
3463
3464
3467
3468
3470
3471
3472
3474
3476
3483
3485
3486
3491
3492
3495
3496
3497
3499
3501
3505
3506
3508
3509
3512
3513
3516
3517
3518
3520
3521
3522
3523
3524
3525
3526
3527
3528
3532
3533
3534
3535
3536
3538
3541
3542
3544
3545
3547
3548
3551
3552
3554
3556
3559
3560
3561
3567
3568
3569
3571
3572
3577
3582
3585
3586
3588
3589
3591
3594
3595
3599
3600
3601
3603
3607
3610
3615
3618
3625
3626
3628
3631
3632
3635
3637
3639
3647
3652
3655
3656
3657
3660
3664
3665
3666
3669
3673
3674
3675
3676
3677
3679
3684
3687
3688
3690
3691
3693
3694
3698
3699
3703
3705
3707
3712
3713
3714
3715
3716
3717
3719
3721
3722
3723
3724
3728
3732
3735
3740
3741
3744
3745
3746
3749
3751
3753
3758
3761
3767
3768
3770
3773
3774
3778
3781
3783
3785
3786
3787
3790
3794
3799
3800
3810
3814
3816
3817
3820
3823
3826
3827
3828
3829
3830
3832
3833
3836
3837
3838
3839
3842
3843
3844
3845
3846
3848
3849
3851
3855
3860
3861
3862
3863
3864
3865
3866
3869
3871
3872
3873
3875
3877
3878
3890
3891
3894
3896
3897
3898
3908
3909
3910
3911
3912
3913
3916
3917
3918
3920
3921
3923
3924
3925
3927
3928
3933
3935
3937
3939
3940
3943
3944
3947
3948
3954
3958
3960
3963
3964
3972
3974
3975
3976
3979
3980
3983
3984
3985
3989
3990
3992
3994
3996
3997
3998
4003
4004
4005
4008
4010
4011
4013
4015
4016
4019
4020
4021
4022
4025
4026
4033
4034
4035
4036
4037
4039
4041
4043
4045
4046
4047
4052
4054
4055
4056
4057
4058
4059
4062
4064
4065
4069
4071
4073
4075
4076
4079
4080
4084
4085
4086
4088
4089
4090
4091
4092
4094
4096
4099
4100
4103
4104
4105
4106
4107
4110
4114
4115
4116
4120
4123
4125
4127
4134
4136
4137
4141
4143
4144
4146
4148
4149
4150
4157
4158
4159
4161
4162
4163
4165
4166
4170
4171
4173
4177
4179
4180
4182
4183
4185
4186
4187
4189
4192
4193
4195
4196
4199
4200
4203
4204
4205
4206
4208
4209
4210
4216
4217
4218
4219
4221
4223
4226
4227
4228
4231
4232
4235
4236
4238
4239
4241
4243
4246
4247
4248
4249
4250
4251
4253
4254
4255
4256
4257
4258
4260
4261
4264
4268
4269
4270
4271
4273
4274
4275
4277
4278
4280
4290
4293
4294
4296
4299
4300
4303
4307
4308
4309
4310
4313
4317
4318
4319
4321
4323
4324
4328
4330
4332
4333
4334
4335
4336
4337
4338
4339
4342
4344
4345
4346
4347
4348
4349
4353
4357
4359
4360
4363
4364
4365
4367
4368
4373
4375
4376
4378
4379
4381
4383
4385
4386
4388
4390
4391
4395
4396
4397
4398
4401
4407
4408
4411
4412
4414
4418
4419
4422
4425
4429
4433
4434
4439
4443
4444
4445
4446
4449
4450
4452
4453
4454
4455
4456
4457
4458
4459
4461
4462
4463
4465
4468
4474
4476
4479
4480
4485
4486
4487
4489
4490
4491
4492
4495
4498
4499
4501
4504
4505
4514
4515
4516
4517
4520
4524
4527
4529
4531
4532
4533
4536
4538
4540
4543
4546
4549
4551
4552
4555
4556
4558
4559
4561
4562
4564
4565
4569
4570
4571
4573
4576
4582
4583
4586
4588
4589
4593
4600
4601
4602
4608
4611
4614
4616
4618
4620
4621
4624
4627
4628
4629
4630
4632
4634
4637
4638
4640
4641
4645
4653
4654
4655
4657
4659
4661
4662
4663
4665
4668
4670
4673
4674
4679
4686
4689
4691
4692
4693
4696
4698
4699
4703
4704
4705
4706
4707
4714
4715
4716
4718
4721
4723
4724
4725
4731
4732
4733
4737
4739
4740
4741
4744
4746
4747
4748
4749
4750
4752
4753
4756
4757
4759
4760
4764
4766
4767
4772
4773
4779
4780
4781
4782
4783
4784
4787
4788
4789
4797
4802
4805
4806
4807
4809
4815
4816
4823
4824
4826
4827
4828
4830
4832
4843
4846
4847
4848
4851
4852
4854
4860
4861
4862
4863
4865
4866
4868
4869
4870
4873
4874
4875
4879
4880
4883
4885
4886
4887
4889
4890
4894
4898
4899
4900
4901
4903
4904
4906
4907
4908
4910
4917
4919
4920
4921
4922
4924
4927
4930
4932
4936
4938
4939
4943
4951
4956
4957
4958
4961
4963
4965
4966
4968
4971
4974
4976
4978
4979
4981
4982
4984
4986
4987
4996
4998
4999
5001
5006
5007
5010
5013
5014
5015
5016
5017
5018
5021
5024
5025
5026
5035
5038
5039
5041
5042
5043
5044
5045
5047
5053
5054
5055
5056
5060
5064
5065
5067
5068
5069
5070
5074
5075
5079
5080
5081
5082
5083
5085
5086
5090
5093
5095
5096
5100
5101
5103
5104
5106
5109
5110
5111
5115
5116
5121
5132
5134
5141
5142
5143
5145
5147
5149
5152
5156
5158
5160
5161
5162
5163
5167
5168
5170
5172
5173
5176
5178
5179
5180
5183
5184
5185
5187
5188
5189
5190
5191
5192
5194
5196
5197
5198
5199
5202
5203
5204
5205
5208
5209
5210
5215
5218
5219
5223
5225
5227
5228
5229
5232
5234
5236
5237
5239
5240
5241
5247
5250
5252
5253
5255
5264
5266
5269
5271
5272
5275
5276
5277
5279
5280
5281
5282
5283
5284
5287
5288
5294
5297
5298
5300
5301
5303
5304
5305
5306
5311
5312
5315
5321
5322
5328
5329
5330
5332
5334
5335
5336
5340
5342
5347
5348
5350
5351
5352
5353
5355
5359
5364
5366
5369
5375
5377
5379
5381
5384
5388
5389
5391
5396
5397
5398
5399
5401
5403
5404
5408
5409
5410
5411
5412
5414
5415
5421
5423
5424
5427
5432
5433
5436
5437
5438
5442
5443
5444
5445
5446
5448
5449
5453
5455
5458
5459
5460
5462
5463
5464
5465
5466
5467
5472
5473
5476
5479
5481
5482
5483
5484
5485
5487
5488
5490
5491
5492
5493
5497
5505
5507
5508
5509
5510
5513
5514
5517
5518
5519
5520
5521
5522
5523
5527
5531
5532
5533
5536
5537
5540
5541
5544
5545
5546
5549
5550
5559
5560
5561
5562
5563
5564
5565
5567
5570
5571
5572
5574
5575
5576
5577
5578
5580
5581
5584
5586
5590
5592
5594
5595
5600
5602
5606
5609
5610
5611
5612
5613
5618
5620
5623
5625
5626
5631
5632
5636
5638
5639
5640
5641
5642
5645
5648
5650
5651
5657
5659
5665
5666
5668
5669
5671
5675
5677
5679
5681
5683
5685
5691
5692
5693
5695
5696
5698
5702
5705
5706
5707
5712
5713
5718
5719
5720
5721
5724
5731
5733
5734
5737
5738
5739
5743
5747
5748
5750
5751
5752
5753
5755
5757
5759
5760
5762
5763
5764
5765
5766
5768
5769
5772
5775
5776
5778
5780
5783
5784
5785
5786
5787
5788
5789
5790
5791
5793
5797
5799
5803
5804
5805
5806
5807
5808
5810
5811
5812
5813
5818
5820
5821
5822
5824
5825
5826
5829
5830
5832
5835
5836
5837
5839
5840
5842
5844
5845
5849
5850
5851
5853
5854
5857
5858
5859
5860
5862
5863
5864
5869
5870
5871
5872
5874
5875
5879
5880
5882
5884
5885
5888
5889
5891
5892
5895
5898
5899
5900
5901
5903
5906
5908
5912
5914
5915
5916
5918
5919
5920
5922
5924
5928
5931
5934
5937
5943
5944
5949
5950
5953
5954
5957
5963
5966
5968
5969
5970
5975
5977
5980
5981
5983
5984
5989
5990
5993
5994
5995
5996
5998
6003
6004
6005
6006
6007
6012
6014
6016
6018
6020
6021
6024
6025
6027
6028
6029
6032
6033
6036
6037
6038
6041
6045
6046
6049
6052
6053
6056
6057
6059
6060
6062
6064
6067
6069
6072
6074
6076
6078
6080
6081
6082
6084
6085
6086
6090
6092
6093
6094
6096
6097
6098
6100
6102
6103
6104
6109
6116
6118
6119
6123
6124
6125
6126
6127
6128
6129
6130
6132
6133
6135
6138
6143
6144
6146
6147
6151
6153
6156
6157
6159
6162
6163
6164
6165
6166
6167
6169
6171
6174
6176
6178
6181
6182
6183
6185
6186
6190
6191
6194
6195
6196
6198
6202
6204
6205
6207
6209
6213
6215
6217
6218
6219
6220
6222
6225
6226
6228
6229
6230
6231
6233
6234
6235
6236
6237
6238
6244
6245
6247
6248
6249
6251
6254
6255
6256
6259
6262
6263
6265
6269
6270
6271
6272
6273
6275
6277
6281
6283
6284
6285
6286
6287
6291
6294
6301
6302
6303
6305
6306
6309
6310
6313
6315
6320
6322
6323
6325
6326
6327
6332
6333
6336
6337
6338
6344
6347
6348
6351
6352
6354
6357
6359
6361
6363
6365
6366
6369
6370
6373
6376
6378
6381
6385
6393
6397
6401
6402
6403
6404
6408
6409
6410
6412
6413
6414
6415
6416
6417
6418
6419
6427
6428
6430
6432
6433
6434
6435
6436
6439
6441
6442
6445
6446
6448
6451
6452
6454
6455
6456
6460
6463
6467
6470
6472
6473
6474
6475
6477
6482
6483
6485
6486
6487
6490
6493
6494
6495
6498
6499
6500
6502
6503
6504
6507
6508
6511
6512
6513
6515
6516
6517
6520
6521
6525
6526
6529
6530
6531
6532
6533
6535
6536
6537
6542
6543
6545
6546
6547
6548
6549
6551
6553
6554
6560
6565
6567
6568
6569
6570
6571
6572
6573
6576
6578
6586
6588
6589
6598
6601
6606
6609
6611
6614
6616
6619
6620
6621
6626
6629
6630
6636
6639
6641
6642
6644
6645
6646
6649
6651
6652
6655
6658
6659
6660
6661
6665
6666
6669
6671
6672
6673
6674
6676
6677
6681
6682
6689
6694
6698
6700
6701
6702
6703
6709
6710
6713
6716
6720
6721
6722
6725
6726
6727
6731
6733
6735
6736
6742
6743
6744
6746
6748
6749
6754
6755
6757
6758
6761
6762
6764
6768
6769
6774
6775
6777
6778
6782
6783
6785
6789
6790
6791
6797
6798
6801
6803
6804
6806
6807
6808
6809
6810
6811
6812
6816
6817
6821
6828
6831
6834
6839
6842
6845
6848
6849
6852
6854
6855
6856
6860
6861
6862
6866
6867
6870
6871
6876
6877
6879
6881
6883
6885
6888
6889
6891
6893
6894
6895
6898
6899
6900
6903
6907
6908
6910
6913
6914
6917
6918
6919
6921
6923
6927
6928
6929
6930
6933
6937
6942
6943
6944
6945
6946
6947
6950
6951
6952
6957
6958
6959
6960
6961
6962
6963
6965
6968
6972
6975
6978
6984
6987
6989
6991
6993
6995
6997
6998
6999
7002
7004
7008
7009
7010
7011
7012
7013
7014
7020
7021
7022
7026
7028
7030
7031
7034
7035
7037
7039
7041
7044
7045
7049
7050
7055
7060
7061
7063
7064
7066
7067
7069
7072
7073
7074
7075
7078
7080
7083
7084
7085
7087
7089
7093
7094
7095
7098
7099
7102
7103
7105
7106
7107
7108
7109
7111
7113
7117
7118
7119
7120
7123
7124
7125
7127
7130
7134
7135
7136
7138
7141
7142
7143
7144
7147
7148
7149
7151
7154
7155
7156
7158
7159
7160
7161
7165
7166
7167
7168
7169
7171
7173
7176
7177
7179
7182
7185
7187
7188
7190
7192
7193
7194
7199
7202
7203
7205
7206
7207
7211
7212
7213
7214
7217
7222
7228
7232
7233
7238
7242
7246
7248
7254
7259
7264
7265
7266
7268
7272
7273
7274
7275
7276
7282
7283
7286
7287
7288
7289
7290
7291
7294
7298
7300
7301
7305
7306
7307
7309
7311
7312
7318
7319
7321
7322
7327
7329
7333
7334
7335
7336
7337
7338
7340
7341
7342
7343
7346
7347
7353
7355
7356
7359
7363
7364
7366
7367
7371
7374
7375
7377
7378
7379
7380
7382
7383
7384
7389
7390
7393
7394
7396
7399
7400
7402
7405
7408
7409
7410
7412
7413
7416
7421
7422
7423
7426
7428
7430
7432
7433
7434
7438
7442
7444
7446
7447
7448
7449
7455
7456
7458
7460
7464
7466
7474
7475
7476
7479
7481
7482
7490
7492
7493
7494
7496
7498
7499
7500
7503
7504
7505
7506
7507
7509
7511
7515
7517
7524
7525
7526
7527
7529
7533
7534
7536
7539
7543
7553
7555
7557
7561
7562
7563
7564
7568
7571
7575
7576
7579
7582
7583
7584
7585
7589
7590
7591
7592
7593
7594
7595
7596
7597
7598
7599
