1
3
4
6
7
8
10
12
14
15
16
20
21
22
24
25
26
27
28
29
31
33
34
35
37
39
43
45
50
52
53
55
57
58
60
61
62
63
68
70
72
76
78
79
80
83
84
86
93
96
100
101
105
107
112
113
118
119
120
122
127
128
129
130
134
139
140
143
145
146
147
148
149
150
155
156
159
160
166
167
172
178
179
181
183
184
185
188
189
190
193
194
195
196
197
198
200
201
205
207
208
209
211
212
213
214
216
221
222
223
226
230
231
237
241
244
246
247
253
256
257
261
263
265
266
268
270
271
273
275
276
280
281
283
284
285
286
287
289
294
301
305
308
309
311
312
313
314
316
317
318
319
321
323
325
326
327
330
335
336
337
338
341
343
344
346
347
351
353
355
358
363
364
365
366
368
370
372
373
375
378
380
385
386
387
389
394
400
402
403
406
407
413
418
421
422
424
428
430
433
434
436
439
442
443
445
447
450
451
453
455
456
458
459
466
468
470
474
482
483
484
485
486
488
490
493
494
498
500
501
502
503
507
508
509
510
511
514
515
516
517
518
519
520
521
522
523
525
526
531
533
534
535
536
537
540
542
543
548
550
551
552
553
556
559
560
561
562
563
564
565
567
570
574
575
577
578
579
580
581
584
589
591
593
595
599
602
606
607
608
609
613
614
615
618
619
621
623
627
628
630
633
635
636
638
641
642
646
647
648
649
651
653
654
656
660
662
665
669
670
671
673
675
677
680
681
684
685
687
688
689
691
694
695
698
699
700
704
706
712
715
717
719
720
723
725
726
732
735
739
740
743
744
750
752
753
754
757
759
760
761
762
765
767
768
769
771
772
774
775
777
778
781
782
783
786
791
792
793
798
799
801
803
804
809
811
812
814
815
816
818
820
823
825
826
827
828
829
831
832
836
839
845
848
849
850
852
856
858
859
860
861
863
864
867
869
870
872
873
874
876
878
883
884
885
886
887
888
890
892
894
895
896
897
898
901
902
904
905
907
908
910
911
912
913
916
917
918
919
921
923
924
925
927
929
933
937
938
942
946
947
948
953
954
955
957
958
960
963
965
966
972
973
975
979
982
984
985
986
988
989
993
995
997
999
1000
1001
1002
1003
1006
1007
1008
1010
1011
1012
1015
1019
1020
1021
1025
1026
1027
1028
1032
1033
1036
1038
1041
1044
1045
1049
1052
1053
1055
1057
1059
1060
1064
1065
1070
1071
1072
1076
1078
1079
1081
1082
1083
1084
1086
1087
1088
1089
1091
1093
1094
1095
1096
1097
1098
1099
1100
1103
1106
1115
1118
1119
1120
1121
1123
1125
1126
1127
1128
1129
1130
1131
1132
1135
1137
1140
1144
1145
1149
1150
1151
1152
1154
1158
1159
1160
1163
1166
1167
1168
1171
1174
1175
1176
1177
1180
1183
1187
1188
1189
1190
1192
1195
1199
1201
1204
1206
1208
1210
1211
1215
1216
1217
1218
1221
1223
1226
1234
1237
1238
1240
1241
1243
1247
1252
1253
1254
1255
1257
1258
1260
1261
1262
1264
1266
1267
1270
1271
1272
1280
1281
1286
1287
1288
1291
1294
1296
1298
1302
1305
1306
1309
1310
1311
1314
1315
1317
1319
1320
1321
1323
1326
1328
1329
1330
1335
1337
1340
1341
1344
1346
1348
1349
1350
1351
1352
1353
1354
1355
1356
1357
1358
1359
1360
1364
1365
1368
1369
1370
1371
1373
1377
1382
1383
1384
1385
1387
1391
1393
1394
1396
1397
1399
1400
1403
1406
1408
1411
1414
1415
1416
1419
1423
1424
1428
1429
1431
1432
1434
1435
1437
1439
1440
1443
1444
1445
1446
1447
1448
1449
1452
1453
1454
1455
1456
1457
1458
1459
1462
1463
1466
1467
1468
1469
1471
1472
1475
1478
1479
1480
1481
1483
1484
1490
1492
1496
1498
1499
1500
1505
1506
1510
1511
1512
1514
1517
1518
1520
1521
1522
1525
1526
1528
1529
1530
1531
1534
1535
1536
1538
1539
1541
1543
1544
1546
1548
1550
1551
1553
1558
1559
1560
1561
1563
1567
1568
1570
1571
1573
1576
1579
1582
1584
1586
1588
1589
1591
1592
1593
1594
1597
1598
1604
1608
1609
1610
1617
1620
1626
1629
1631
1633
1635
1638
1639
1640
1641
1643
1645
1647
1649
1651
1655
1658
1659
1661
1663
1664
1668
1670
1671
1675
1677
1678
1679
1681
1684
1685
1687
1689
1690
1691
1692
1693
1694
1696
1697
1701
1704
1706
1709
1710
1711
1712
1717
1718
1724
1725
1726
1729
1731
1733
1735
1736
1739
1740
1742
1745
1751
1752
1753
1755
1757
1758
1762
1763
1764
1765
1769
1772
1777
1778
1779
1786
1787
1790
1791
1796
1797
1802
1805
1807
1808
1812
1816
1817
1823
1824
1825
1829
1830
1832
1834
1839
1842
1843
1844
1848
1849
1850
1851
1853
1856
1861
1865
1870
1873
1875
1876
1878
1879
1881
1883
1884
1890
1891
1893
1896
1898
1899
1902
1904
1905
1907
1911
1913
1914
1916
1918
1922
1926
1929
1930
1932
1933
1935
1940
1941
1942
1943
1945
1949
1950
1953
1956
1958
1960
1962
1966
1967
1968
1970
1978
1980
1981
1983
1984
1985
1986
1989
1991
1992
1994
1995
1997
1998
2002
2003
2004
2007
2008
2012
2016
2018
2020
2022
2028
2029
2030
2033
2036
2037
2041
2053
2054
2056
2059
2063
2066
2069
2071
2072
2074
2076
2082
2083
2085
2089
2093
2094
2098
2103
2104
2105
2107
2108
2109
2111
2116
2118
2120
2121
2122
2124
2125
2126
2127
2131
2133
2138
2140
2141
2142
2146
2147
2149
2151
2152
2154
2161
2162
2163
2167
2168
2170
2171
2172
2176
2179
2180
2182
2184
2185
2188
2193
2194
2195
2197
2198
2202
2205
2206
2209
2211
2215
2218
2219
2222
2223
2224
2225
2226
2227
2228
2229
2230
2231
2232
2237
2239
2240
2242
2244
2245
2247
2249
2252
2253
2255
2259
2260
2262
2263
2264
2267
2270
2273
